30.788836352554508
30.788836352554508
34.15920796698339
35.16765372351496
36.93051106341108
39.696874296360654
41.317695553285716
42.544559347139696
44.93860733750456
44.93860733750456
45.74368000314594
45.74368000314594
48.23888358597448
48.23888358597448
50.59557133640964
50.59557133640964
51.31435376507132
52.69420415837249
52.69420415837249
54.409567782615575
56.251972389054224
56.251972389054224
57.3247920422281
58.01395303606759
59.98332522294955
59.98332522294955
61.66912007079332
63.90417571751512
63.90417571751512
65.24409554023575
65.24409554023575
65.24409554023575
66.8248066686064
66.92942629967018
68.8991536110196
68.8991536110196
68.92246534300736
69.17655981692319
69.17655981692319
69.73024931798341
71.34702351131729
71.34702351131729
71.34702351131729
74.72997979893944
74.72997979893944
74.72997979893944
74.72997979893944
79.4037177622416
79.4037177622416
79.4037177622416
80.21819672978835
81.2440063541465
81.2440063541465
81.2440063541465
81.2440063541465
83.0597228608154
83.0597228608154
83.72932527894278
83.72932527894278
84.66993088136951
84.66993088136951
84.66993088136951
84.66993088136951
85.1904676133101
85.1904676133101
85.61493451633137
85.61493451633137
85.61493451633137
86.02589712749179
86.02589712749179
86.09064846672767
86.09064846672767
86.09064846672767
86.15582181359687
86.32063807042448
86.32063807042448

29.318397943946763
29.318397943946763
35.57100336576662
35.57100336576662
38.30821994499595
43.51901290342284
43.51901290342284
44.72356643571085
45.94743254414004
48.144199636255316
48.826623768011274
51.661331773351534
51.661331773351534
51.661331773351534
56.757566700140615
56.757566700140615
58.14416128244025
58.14416128244025
61.24327380314866
61.24327380314866
62.459458896642346
64.47474691766284
64.47474691766284
65.8819778031853
68.41066294208903
68.41066294208903
70.07125541910409
70.07125541910409
73.3217670632604
73.3217670632604
74.46243972595815
74.46243972595815
77.87856954668871
77.87856954668871
77.87856954668871
79.79401120158133
79.79401120158133
80.11045157962775
81.63151341542869
82.94049641112514
83.88441724078349
84.53001953981055
84.53001953981055
89.78053564748546
89.78053564748546
89.9702271685419
90.51123185682029
90.51123185682029
91.80422053936967
91.80422053936967
91.80422053936967
91.80422053936967
91.80422053936967
92.58131038462403
92.58131038462403
94.2702335942488
94.2702335942488
94.2702335942488
94.2702335942488
94.41852176145211
94.49349868274976
94.49349868274976
94.49349868274976
94.49349868274976
94.49349868274976
95.27591126730857
95.27591126730857
95.27591126730857

30.565696031816817
30.565696031816817
35.755534143221006
35.87304762328256
39.291201846533625
42.311931968641616
42.311931968641616
44.55633308019189
44.55633308019189
46.98528937761685
47.18903101161422
52.717259255834925
52.717259255834925
54.338740892506074
56.382652659939225
57.63508888951226
58.025720339037065
59.46703653675711
59.46703653675711
62.474757021783404
62.474757021783404
63.07088951354906
64.12923545124512
64.14731618663511
64.60271855355768
65.58507851050354
65.60180879098128
66.11278659036668
66.19684393428544
66.83427244462125
67.90268583751089
68.60659671697286
69.78098268087722
69.78098268087722
69.78098268087722
69.92184135240662
72.68990871799244
72.68990871799244
73.6720736506656
73.6720736506656
73.6720736506656
76.40644790721329
76.40644790721329
77.14859490931164
77.41783547026122
77.70856368126215
77.73669804131751
78.09522362492689
78.09522362492689
78.4519398781826
78.4519398781826
78.9165095774412
78.9165095774412
79.69071783636669
80.60471827443445
80.60471827443445
81.00678247954306
81.00678247954306
83.20469670781976
83.20469670781976
83.4013236265136
83.4013236265136
83.4013236265136
83.60189443686151
84.17515460037183
84.17515460037183
84.17515460037183
85.10180800030467
85.10180800030467
85.64595431635243
85.64595431635243
85.64595431635243
85.89763885609251
86.3539298199055
86.3539298199055
86.3539298199055
87.5950068674979
88.21807941057364
89.32147627458242
89.64059167236725
90.26168677995352
91.02981855924737
91.4095251913404
91.4095251913404
92.27524211646448
92.45775668901148
92.58131038462403
92.58131038462403
93.28957091225503
93.28957091225503
93.6288740301143
93.6288740301143
93.98009538144443
93.98009538144443
93.98009538144443
94.87705480790743
94.87705480790743
94.87705480790743
94.87705480790743
94.87705480790743
94.87705480790743
95.11445468173905
95.77653717767444
95.77653717767444
96.2137652894429
96.2137652894429
96.2137652894429
96.2137652894429
96.2137652894429
96.2137652894429
96.2137652894429
96.2137652894429
96.39415349603328
96.57785556277011
96.57785556277011
97.05244046875436
97.05244046875436
97.05244046875436
97.05244046875436
97.05244046875436
97.05244046875436
97.05244046875436
97.05244046875436
97.05244046875436
97.05244046875436
97.05244046875436
97.05244046875436
97.05244046875436
97.05244046875436
97.05244046875436
97.05244046875436
97.05244046875436
97.05244046875436
97.05244046875436
97.05244046875436
97.05244046875436
97.05244046875436
97.05244046875436
97.05244046875436
97.05244046875436
97.05244046875436
97.05244046875436
97.05244046875436
97.05244046875436
97.24876579364715
97.24876579364715
97.24876579364715
97.24876579364715
97.24876579364715
97.24876579364715

